10001100000001000000000000001010
10101100000000100000000000001010
00000000100000100001100000100000
00000000001000110010100000100010
00000000011001010011000000100100
00000000101000110011100000100101
00100000011000000000000000001000
00110000011000010000000000001011
00110100000000110000000000010000
00010011110111110000000000000101
00000000000000110000100010000000
00000000000000010011100011000010
00000000010000110101000000101010
00010000001111110000000000000000
00001000000000000000000000010000
00001100000000000000000000001010
00000011110000000000000000001000