10001100000000010000000000001010
10001100000000100000000000001011
10001100000000110000000000001100
00000000000000000000000000000000
00000000000000000000000000000000
00000000001000100010000000100000
00000000011000010010100000100010
00000000010000010011000000100100
10001100000010100000000000001010
10001100000010100000000000001010
10001100000010100000000000001010
00000000011000010011100000100101
00000000011000010100000000101010
00010000000000000000000000000100
00000000000000000000000000000000
00000000000000000000000000000000
00000000111001000100100000100000
10001100000010100000000000001010
10001100000010100000000000001010
10001100000010100000000000001010
10001100000010100000000000001010
10001100000010100000000000001010